                           24N   24S   90S     64N   44N   24N   EQU   24S   44S   64S   90S
Year  Glob  NHem  SHem     -90N  -24N  -24S    -90N  -64N  -44N  -24N  -EQU  -24S  -44S  -64S Year
1880   -16   -27    -4     -34   -13    -1     -80   -43   -26   -16   -10    -2     5    65 1880
1881    -7   -16     1     -32    10    -6     -91   -41   -18     9    11    -4    -7    57 1881
1882   -10   -20     0     -29    -5     2    -141   -24   -12    -5    -4     3     4    60 1882
1883   -16   -26    -6     -31   -16     0     -19   -53   -22   -18   -15    -2     7    48 1883
1884   -27   -41   -14     -58   -15   -13    -130   -61   -44   -13   -16   -18    -2    63 1884
1885   -33   -43   -24     -64   -13   -27    -151   -66   -44    -7   -20   -33   -15    80 1885
1886   -31   -42   -20     -55   -19   -21    -159   -47   -39   -21   -18   -19   -20    57 1886
1887   -35   -42   -28     -51   -30   -28    -176   -48   -27   -29   -30   -27   -26    30 1887
1888   -17   -23   -12     -40     9   -28    -130   -41   -23     6    13   -30   -22    14 1888
1889   -10   -17    -4     -28     8   -16     -68   -20   -26     1    14   -15   -15    43 1889
1890   -35   -38   -32     -44   -37   -22    -113   -53   -26   -27   -47   -17   -27    13 1890
1891   -22   -25   -19     -41    -8   -21    -112   -32   -35     0   -16   -17   -23   -18 1891
1892   -27   -39   -15     -42   -30    -7    -114   -64   -16   -34   -26     3   -21     7 1892
1893   -31   -47   -15     -50   -36    -4     -69   -54   -46   -42   -30     8   -20    -6 1893
1894   -30   -38   -21     -32   -33   -23     -95   -32   -17   -49   -18   -14   -34   -40 1894
1895   -22   -30   -14     -39    -7   -25     -66   -51   -26   -15     1   -19   -31   -60 1895
1896   -11   -19    -2     -34    10   -14     -86   -36   -21     5    15   -14   -13    23 1896
1897   -10   -16    -5     -34    17   -23     -56   -46   -23    13    21   -18   -27    38 1897
1898   -26   -27   -26     -33   -22   -26    -113   -20   -22   -19   -26   -27   -20    36 1898
1899   -17   -21   -13     -23   -12   -18    -106    -8   -14   -16    -8   -14   -21    56 1899
1900    -8    -8    -6     -19    17   -29     -55   -12   -15     8    25   -28   -29    25 1900

                           24N   24S   90S     64N   44N   24N   EQU   24S   44S   64S   90S
Year  Glob  NHem  SHem    -90N  -24N  -24S    -90N  -64N  -44N  -24N  -EQU  -24S  -44S  -64S Year
1901   -15   -12   -18     -16    -4   -30     -41   -10   -14    -7    -1   -27   -33    24 1901
1902   -27   -32   -22     -51    -4   -34    -133   -49   -32    -2    -5   -27   -42    -7 1902
1903   -36   -37   -36     -45   -29   -38     -21   -41   -55   -24   -33   -34   -40   -48 1903
1904   -46   -48   -45     -50   -46   -43     -16   -59   -54   -44   -49   -36   -48  -130 1904
1905   -26   -29   -22     -40    -9   -35      -8   -22   -61   -12    -5   -32   -36   -32 1905
1906   -22   -24   -20     -25   -20   -22     -29    -6   -38   -22   -17   -19   -22   -70 1906
1907   -38   -47   -29     -58   -31   -29     -60   -72   -51   -31   -30   -20   -36  -118 1907
1908   -43   -46   -40     -48   -44   -35     -25   -54   -51   -43   -45   -28   -48    69 1908
1909   -48   -50   -47     -53   -48   -43     -77   -61   -43   -45   -52   -36   -52   -55 1909
1910   -43   -44   -42     -41   -49   -37     -58   -24   -48   -50   -49   -32   -45    18 1910
1911   -43   -42   -45     -42   -42   -47     -28   -41   -46   -43   -41   -43   -52     7 1911
1912   -35   -46   -24     -59   -18   -36     -49   -78   -49   -28    -7   -36   -29  -162 1912
1913   -34   -42   -25     -44   -27   -34     -51   -33   -50   -40   -14   -27   -40  -102 1913
1914   -15   -20   -10     -25    -7   -17     -38   -16   -28   -13     0   -15   -18   -35 1914
1915   -14   -14   -12     -23    -1   -21     -59   -16   -18    -1     0   -14   -23  -197 1915
1916   -35   -41   -30     -36   -44   -22     -45   -54   -23   -49   -39   -22   -16  -103 1916
1917   -45   -57   -35     -50   -63   -18     -83   -49   -42   -69   -57   -22    -9     8 1917
1918   -29   -40   -19     -40   -33   -13    -102   -26   -34   -38   -27    -5   -22   -26 1918
1919   -27   -35   -19     -43   -20   -21     -71   -55   -29   -23   -16   -14   -31    21 1919
1920   -27   -30   -23     -25   -25   -31      -2   -20   -34   -38   -12   -18   -48  -113 1920

                           24N   24S   90S     64N   44N   24N   EQU   24S   44S   64S   90S
Year  Glob  NHem  SHem    -90N  -24N  -24S    -90N  -64N  -44N  -24N  -EQU  -24S  -44S  -64S Year
1921   -18   -11   -26       2   -25   -30       1    17    -8   -30   -20   -22   -38   -82 1921
1922   -28   -28   -29     -24   -32   -26     -30   -40   -13   -33   -31   -23   -28   -26 1922
1923   -26   -22   -30     -15   -29   -33      17   -15   -25   -32   -27   -25   -41   -53 1923
1924   -27   -18   -34     -13   -25   -42      46   -25   -22   -27   -24   -38   -45   -52 1924
1925   -22   -14   -29      -4   -24   -37      -7    18   -17   -28   -19   -23   -54   -85 1925
1926   -10     2   -21       3     2   -39      57    16   -21     0     3   -34   -45   -62 1926
1927   -21   -13   -28     -13   -16   -38       2   -21   -12   -15   -17   -29   -45  -137 1927
1928   -19   -10   -28      -6   -15   -38      72   -17   -22   -16   -15   -27   -48  -211 1928
1929   -36   -34   -37     -37   -28   -45      15   -61   -37   -28   -28   -42   -44  -106 1929
1930   -16    -2   -29       5   -12   -41      54     4   -10   -11   -13   -32   -46  -258 1930
1931    -9     5   -21       1     7   -42      57    -4   -13     9     5   -41   -40   -40 1931
1932   -16    -6   -26       4   -18   -34      49    19   -20   -21   -15   -20   -53   -97 1932
1933   -29   -26   -32     -24   -29   -33     -16   -47   -12   -29   -29   -21   -48  -113 1933
1934   -13     0   -25      18   -26   -25      88    31   -12   -26   -25   -15   -38   -55 1934
1935   -20   -10   -30      -4   -19   -37      35    -5   -16   -17   -21   -30   -41  -170 1935
1936   -15    -3   -26      -2   -13   -29      40    10   -25    -5   -21   -26   -32    -2 1936
1937    -3    12   -17      20    -6   -22     124     2    -2     0   -12   -18   -25    38 1937
1938     0    16   -18      39   -23    -9     151    38     3   -18   -28    -5   -11   -85 1938
1939    -2     9   -13      23   -12   -12      57    28     8   -11   -14    -4   -18  -159 1939
1940    13    18    10      11    28    -6     100    -3    -9    27    29     4   -20    -4 1940

                           24N   24S   90S     64N   44N   24N   EQU   24S   44S   64S   90S
Year  Glob  NHem  SHem    -90N  -24N  -24S    -90N  -64N  -44N  -24N  -EQU  -24S  -44S  -64S Year
1941    19    23    17       1    49    -4       1   -10     9    55    43     4   -15   -45 1941
1942     7    13     1      13     7    -1      73    -7     6    12     3     6    -5   -88 1942
1943     9    18    -1      37    -9     4     142    28    11   -10    -7     8     0   115 1943
1944    20    27    14      38    18     5     118    46    10    11    26    19    -9   -92 1944
1945     9    10     9      11    16    -2      63    -3     4     9    24     4     0  -176 1945
1946    -7     3   -17       6    -5   -24      -3    -5    17    -3    -8   -21   -24   -15 1946
1947    -3     8   -13      15    -7   -16     107   -14     5    -4   -10   -19    -8   -19 1947
1948   -11    -2   -20      13   -19   -23      12    31     1   -23   -15   -19   -19  -135 1948
1949   -11    -3   -19      12   -19   -22      21    16     5   -24   -15   -17   -15  -195 1949
1950   -17   -15   -20      -5   -29   -14      19   -31     4   -31   -28    -6   -16   -85 1950
1951    -7     4   -18       8    -7   -23       8     1    12    -1   -12   -21   -16   -69 1951
1952     1     6    -3      11     1    -9      27    -9    19    -1     4    -9    -2   -49 1952
1953     8    24    -7      35     7   -18     102    35    14     8     6    -8   -24  -109 1953
1954   -13    -2   -25       7   -21   -22      80   -21     0   -14   -29   -17   -20   -80 1954
1955   -14    -9   -20       5   -34    -6     -24   -11    23   -30   -39   -15    -8   123 1955
1956   -19   -23   -16     -20   -33     1       1   -47    -9   -29   -38   -13     2    77 1956
1957     5     4     5       3     7     2       9    22   -11     5    10    -9    -2    49 1957
1958     6    15    -3       8    20   -15     -16    14    12    26    15    -8    -8   -53 1958
1959     3    12    -6      16     7   -16      49    18     5     7     8    -3   -26   -36 1959
1960    -3     8   -13       9     2   -20      34    -7    11     6    -3   -10    -7   -76 1960

                           24N   24S   90S     64N   44N   24N   EQU   24S   44S   64S   90S
Year  Glob  NHem  SHem    -90N  -24N  -24S    -90N  -64N  -44N  -24N  -EQU  -24S  -44S  -64S Year
1961     6     9     3      19    -3     5     -15    38    18    -7     0    14   -17    21 1961
1962     3    13    -6      24    -5    -8      45    31    14    -4    -5     9    -8   -66 1962
1963     5    14    -3      14    12   -12     -16    31    13    14    10   -10   -17    -4 1963
1964   -20   -19   -20     -23   -14   -24     -67   -20   -12   -14   -14   -30    -7   -38 1964
1965   -11   -14    -7     -19    -3   -13     -28   -24   -12    -8     2   -23    -3    -1 1965
1966    -6    -2    -9     -14     8   -15     -76   -19     9    16     0   -24   -14    11 1966
1967    -2     3    -7      12   -14    -1      36    26    -5   -11   -17    -9    -2    30 1967
1968    -8    -7    -9     -11    -6    -8     -33    -2    -9    -2   -11   -14     0    -6 1968
1969     5    -3    15     -29    34     2      -4   -61   -17    35    32     0    13   -14 1969
1970     3    -4     9     -11     7    11     -21   -13    -7     7     6    11     3    31 1970
1971    -8   -15    -2      -6   -26    13      -8     2   -10   -29   -22     3    16    44 1971
1972     1   -17    20     -34    17    14     -36   -47   -25     7    26    16    -2    44 1972
1973    16     9    23      10    19    18       7    27     1     8    30    21     7    34 1973
1974    -7   -18     3     -15   -20    17     -19    -7   -18   -23   -17    21    -9    65 1974
1975    -1    -5     2      12   -24    15       9    39    -5   -30   -17    13    14    28 1975
1976   -10   -21     1     -26   -11     8      -8   -32   -28   -13   -10    10    22   -24 1976
1977    18    12    24      14    16    25      16    24     6    10    22    21    31    27 1977
1978     7     2    11      -3     8    16     -16     3    -4    10     6    20    13     4 1978
1979    16     8    25      -3    26    23     -60     6     9    25    27    29    33   -21 1979
1980    26    17    35       6    31    39      25     2     2    33    29    35    37    58 1980

                           24N   24S   90S     64N   44N   24N   EQU   24S   44S   64S   90S
Year  Glob  NHem  SHem    -90N  -24N  -24S    -90N  -64N  -44N  -24N  -EQU  -24S  -44S  -64S Year
1981    32    37    27      48    18    36     109    78     8    22    15    28    38    61 1981
1982    14     6    23      -8    27    18     -40    10    -8    25    30    18    32   -11 1982
1983    31    25    38      22    44    24      19    69    -6    29    58    21    41     4 1983
1984    16     4    28       2    19    26      36     8   -13     7    30    16    32    52 1984
1985    12     0    23      -3     9    30      39   -26    -1     4    14    29    44     4 1985
1986    18    14    23      11    23    19       1    28     3    18    28    25    25   -11 1986
1987    32    25    41       4    59    25     -36    13    12    55    62    32    25     1 1987
1988    39    37    40      40    38    39      59    57    24    33    43    38    20    86 1988
1989    28    27    27      41    13    33      34    69    26     7    19    36    30    34 1989
1990    45    53    37      63    38    37      58    88    49    39    37    37    37    37 1990
1991    41    41    40      47    37    39      75    66    26    33    41    31    29    96 1991
1992    22    14    31      10    29    26     -16    44    -3    20    37    20    33    38 1992
1993    24    19    28      13    33    22      55    29   -11    29    36    26    39   -30 1993
1994    32    38    26      44    32    20      34    50    42    29    34    26    23    -5 1994
1995    45    58    32      70    43    22     131    99    32    41    45    28    15    15 1995
1996    33    27    39      24    32    43      77    17    11    31    33    32    28   120 1996
1997    47    52    41      54    51    33      77    91    23    50    53    42    36    -1 1997
1998    61    71    52      78    70    32      86    94    66    60    79    39    31    15 1998
1999    39    48    28      71    21    30      41    80    74    16    26    46    19     3 1999
2000    40    50    29      70    25    29      98    80    56    21    29    41    10    27 2000

                           24N   24S   90S     64N   44N   24N   EQU   24S   44S   64S   90S
Year  Glob  NHem  SHem    -90N  -24N  -24S    -90N  -64N  -44N  -24N  -EQU  -24S  -44S  -64S Year
2001    54    64    44      81    43    43     107    86    69    40    45    58    24    31 2001
2002    63    72    54      83    60    47     126   100    59    55    64    49    31    76 2002
2003    62    75    50      84    64    37     150    99    54    62    67    44    24    43 2003
2004    54    66    42      73    55    33      47    96    67    57    54    48    23     4 2004
2005    68    86    50     102    63    42     199   123    58    63    62    49    18    70 2005
2006    64    82    46      99    56    40     174   106    71    57    55    51    19    48 2006
2007    67    86    48     114    46    48     212   133    70    45    48    50     7   128 2007
2008    55    69    41      92    38    40     155   108    62    34    42    53     8    62 2008
2009    66    73    60      78    68    52     143    61    69    66    71    60    15   101 2009
2010    73    91    55     103    69    47     222    87    75    72    65    63    20    49 2010
2011    61    75    47      99    37    55     235    94    59    39    35    64    18   102 2011
2012    65    82    48     105    53    41     222    94    75    48    57    56    19    32 2012
2013    68    81    56      96    58    54     156   105    71    59    58    63    22    92 2013
2014    75    93    58     109    67    52     205   114    74    69    65    72    18    56 2014
2015    90   119    62     133    96    40     201   149   101    98    94    75    18   -35 2015
2016   102   131    73     156   101    49     325   144   109    96   107    67    25    37 2016
2017    93   119    67     140    82    59     253   138   106    87    77    76    35    52 2017
2018    85   105    66     126    68    68     216   109   107    74    63    80    37    94 2018
2019    98   122    75     143    90    65     272   144   101    91    89    75    39    86 2019
2020   102   136    68     168    87    57     292   182   120    89    85    58    39    88 2020
Year  Glob  NHem  SHem     24N   24S   90S     64N   44N   24N   EQU   24S   44S   64S   90S Year
                          -90N  -24N  -24S    -90N  -64N  -44N  -24N  -EQU  -24S  -44S  -64S